1.0
0.025158539414405823
0.19495251774787903
0.19495251774787903
0.19495251774787903
0.22813452780246735
0.19495251774787903
0.19495251774787903
0.7155551910400391
0.14588844776153564
0.025158539414405823
1.0
0.713860273361206
0.713860273361206
0.713860273361206
0.4465596377849579
0.713860273361206
0.713860273361206
0.12948313355445862
0.1376086175441742
0.19495251774787903
0.713860273361206
1.0
1.0
1.0
0.44303154945373535
1.0
1.0
0.21277588605880737
0.24290257692337036
0.19495251774787903
0.713860273361206
1.0
1.0
1.0
0.44303154945373535
1.0
1.0
0.21277588605880737
0.24290257692337036
0.19495251774787903
0.713860273361206
1.0
1.0
1.0
0.44303154945373535
1.0
1.0
0.21277588605880737
0.24290257692337036
0.22813452780246735
0.4465596377849579
0.44303154945373535
0.44303154945373535
0.44303154945373535
1.0
0.44303154945373535
0.44303154945373535
0.24674631655216217
0.18358659744262695
0.19495251774787903
0.713860273361206
1.0
1.0
1.0
0.44303154945373535
1.0
1.0
0.21277588605880737
0.24290257692337036
0.19495251774787903
0.713860273361206
1.0
1.0
1.0
0.44303154945373535
1.0
1.0
0.21277588605880737
0.24290257692337036
0.7155551910400391
0.12948313355445862
0.21277588605880737
0.21277588605880737
0.21277588605880737
0.24674631655216217
0.21277588605880737
0.21277588605880737
1.0000001192092896
0.1292756050825119
0.14588844776153564
0.1376086175441742
0.24290257692337036
0.24290257692337036
0.24290257692337036
0.18358659744262695
0.24290257692337036
0.24290257692337036
0.1292756050825119
1.0
